0.200008744
0.150007033
0.100004372
0.080002927
0.070003156
0.060002433
0.050001711
0.040000988
0.030001217
0.020000494
0.003334208
0.003309496
0.003284784
0.003259122
0.00323441
0.003209698
0.003184035
0.003159323
0.003134612
0.003108949
0.003084237
0.003059525
0.003034813
0.003009151
0.002984439
0.002959727
0.002934065
0.002909353
0.002884641
0.002858979
0.002834267
0.002809555
0.002784843
0.00275918
0.002734469
0.002709757
0.002684094
0.002659382
0.00263467
0.002609008
0.002584296
0.002559584
0.002533922
0.00250921
0.002484498
0.002459786
0.002434124
0.002409412
0.0023847
0.002359038
0.002334326
0.002309614
0.002283951
0.002259239
0.002234527
0.002209816
0.002184153
0.002159441
0.002134729
0.002109067
0.002084355
0.002059643
0.002033981
0.002009269
0.001984557
0.001958895
0.001934183
0.001909471
0.001884759
0.001859096
0.001834385
0.001809673
0.00178401
0.001759298
0.001734586
0.001708924
0.001684212
0.0016595
0.001634788
0.001609126
0.001584414
0.001559702
0.00153404
0.001509328
0.001484616
0.001458954
0.001434242
0.00140953
0.001383867
0.001359155
0.001334443
0.001309732
0.001284069
0.001259357
0.001234645
0.001208983
0.001184271
0.001159559
0.001133897
0.001109185
